ivig_2065	MGYG000002445_9	99.546	2643	12	0	2502	5144	1	2643	0.0	4830
uvig_417742	MGYG000002445_3	98.728	18716	214	19	80724	99431	98564	79865	0.0	33222
uvig_311200	MGYG000002445_4	98.320	11785	193	5	57040	68822	30119	41900	0.0	20661
uvig_255432	MGYG000002445_2	99.673	20193	59	3	36896	57082	605927	585736	0.0	36917
uvig_299095	MGYG000001367_3	99.911	14536	3	1	48700	63235	93085	107610	0.0	26762
uvig_159024	MGYG000002483_16	99.035	15132	133	11	3059	18184	30393	15269	0.0	27122
uvig_431173	MGYG000002445_5	99.322	13579	91	1	63254	76832	162925	149348	0.0	24565
uvig_293316	MGYG000002445_6	98.761	8151	100	1	61062	69211	77971	86121	0.0	14491
uvig_254322	MGYG000002445_1	97.891	9864	180	16	1	9860	1079540	1069701	0.0	17038
uvig_289292	MGYG000002483_30	86.131	137	16	3	48481	48616	64718	64584	2.20e-32	145
uvig_311881	MGYG000002445_2	98.888	13581	146	2	70217	83793	629443	615864	0.0	24238
uvig_236088	MGYG000002445_8	98.664	4567	60	1	1	4566	5294	728	0.0	8094
ivig_1973	MGYG000002445_1	98.132	13757	229	11	1535	15274	659393	645648	0.0	23955
uvig_217328	MGYG000002445_2	99.120	7837	69	0	1	7837	632434	624598	0.0	14091
uvig_460329	MGYG000002445_3	97.754	6902	139	4	6863	13752	402294	395397	0.0	11873
uvig_434195	MGYG000002445_7	98.735	7116	85	4	13860	20972	25103	32216	0.0	12637
uvig_246527	MGYG000002445_2	98.891	4330	46	2	33642	37971	77214	81541	0.0	7729
uvig_244007	MGYG000002445_1	98.398	4932	77	2	28870	33799	725089	730020	0.0	8669
uvig_453885	MGYG000002445_6	99.077	4007	36	1	45380	49385	139492	135486	0.0	7193
uvig_135466	MGYG000001617_5	78.576	1503	280	36	7917	9395	86204	87688	0.0	953
uvig_115946	MGYG000002445_2	95.545	1504	63	4	44046	45547	288269	289770	0.0	2403
uvig_226928	MGYG000002445_4	99.811	8467	16	0	24022	32488	240133	231667	0.0	15548
uvig_294174	MGYG000002445_1	98.917	12737	138	0	20259	32995	580813	568077	0.0	22757
uvig_225452	MGYG000002445_1	99.244	9261	70	0	5	9265	517468	526728	0.0	16715
uvig_335767	MGYG000002483_16	95.996	15133	549	28	15178	30261	15269	30393	0.0	24535
uvig_227340	MGYG000002445_11	97.368	266	7	0	7778	8043	1063	1328	3.44e-125	453
uvig_221243	MGYG000002483_16	77.578	3733	757	63	11826	15515	277208	280903	0.0	2183
ivig_1864	MGYG000002445_3	98.724	12378	149	6	58266	70642	216090	203721	0.0	21974
uvig_138531	MGYG000002445_1	98.514	15011	211	8	1	15006	621547	636550	0.0	26474
uvig_455058	MGYG000002445_1	98.572	7423	88	5	1	7421	769814	762408	0.0	13104
ivig_1940	MGYG000002445_3	99.678	4658	15	0	1	4658	415315	419972	0.0	8519
uvig_289283	MGYG000002445_1	99.101	13130	101	3	11336	24465	1038757	1051869	0.0	23577
uvig_71337	MGYG000002445_1	99.127	15692	126	1	31167	46847	23684	7993	0.0	28208
uvig_137940	MGYG000002445_1	99.075	8434	76	2	39987	48419	1026367	1017935	0.0	15141
uvig_309646	MGYG000002445_5	99.603	5541	21	1	12188	17728	170978	176517	0.0	10109
uvig_133645	MGYG000002445_1	99.277	8155	59	0	35991	44145	100585	108739	0.0	14733
uvig_382709	MGYG000002445_2	91.579	285	23	1	3	286	694256	693972	2.36e-107	392
uvig_53669	MGYG000001367_4	73.572	753	172	21	17203	17942	439100	438362	2.68e-68	263
uvig_134183	MGYG000002445_3	79.110	1843	363	17	1952	3786	324652	326480	0.0	1251
uvig_33048	MGYG000002483_15	93.793	145	9	0	21678	21822	177616	177472	8.50e-55	219
uvig_258346	MGYG000002445_1	85.366	1312	184	7	28333	29640	645605	644298	0.0	1352
uvig_41993	MGYG000002445_2	97.834	2447	49	2	34641	37083	635819	638265	0.0	4222
uvig_30861	MGYG000002483_16	97.987	26578	500	19	6437	32990	3827	30393	0.0	46084
uvig_233672	MGYG000002445_1	98.371	12097	167	22	72310	84400	1026695	1038767	0.0	21220
uvig_322472	MGYG000002445_3	98.922	3618	38	1	12410	16027	357978	361594	0.0	6464
uvig_216916	MGYG000002445_3	98.948	2377	24	1	2812	5187	198132	195756	0.0	4250
ivig_2177	MGYG000002445_6	97.900	1286	25	2	34038	35322	13161	11877	0.0	2224
uvig_137525	MGYG000002445_6	98.577	3162	41	4	612	3771	155354	152195	0.0	5587
ivig_4480	MGYG000002445_3	99.922	5135	4	0	43232	48366	291182	286048	0.0	9461
uvig_283340	MGYG000003074_93	97.920	2308	47	1	44854	47160	9724	7417	0.0	3995
uvig_270706	MGYG000002445_5	86.145	332	38	7	55903	56232	43377	43052	1.40e-94	351
uvig_300246	MGYG000002445_1	96.708	5620	183	1	53886	59505	53592	59209	0.0	9352
uvig_1437	MGYG000002483_25	80.065	4936	919	57	43467	48376	50557	45661	0.0	3603
uvig_163675	MGYG000003074_26	83.233	996	138	23	48176	49153	4189	3205	0.0	887
uvig_185605	MGYG000002445_2	97.560	4099	98	2	65314	69412	493241	497337	0.0	7014
ivig_2008	MGYG000002445_1	95.799	1952	82	0	1	1952	197018	195067	0.0	3151
uvig_142179	MGYG000002483_32	80.769	1586	218	50	577	2129	1537	6	0.0	1158
uvig_45508	MGYG000002483_16	96.104	77	3	0	15580	15656	325486	325410	1.40e-26	126
uvig_12908	MGYG000002445_9	77.133	2707	469	106	112	2751	2624	1	0.0	1437
uvig_88029	MGYG000002445_7	84.337	83	10	3	76979	77059	299	380	4.37e-12	78.7
uvig_293287	MGYG000001617_96	78.261	184	34	6	45275	45455	7027	7207	1.27e-22	113
uvig_65016	MGYG000003074_144	89.157	83	6	3	31974	32054	98	17	1.02e-18	100
